6.827629234502852,8.253227645581772,5.030437921392435,3.295836866004329,3.8918202981106265,3.6109179126442243,1.6094379124341003,0.6931471805599453,2.0794415416798357,4.248495242049359,1.791759469228055,4.31748811353631,4.927253685157205,2.0794415416798357,2.1972245773362196,3.713572066704308,1.791759469228055,2.5649493574615367,2.833213344056216,2.1972245773362196,4.304065093204169,2.3978952727983707,2.833213344056216,4.3694478524670215,3.295836866004329,2.5649493574615367,0.0,0.0,4.0943445622221,2.9444389791664403,2.0794415416798357,4.499809670330265,3.6635616461296463,3.1354942159291497,3.58351893845611,2.5649493574615367,4.127134385045092,3.367295829986474,3.367295829986474,3.367295829986474,0.0,4.418840607796598,4.48863636973214,3.258096538021482,2.9444389791664403,4.48863636973214,1.6094379124341003,4.189654742026425,4.127134385045092,1.3862943611198906,0.6931471805599453,2.0794415416798357,4.795790545596741,2.302585092994046,4.68213122712422,5.209486152841421,2.70805020110221,3.5263605246161616,4.143134726391533,2.5649493574615367,2.772588722239781,3.4657359027997265,2.995732273553991,4.219507705176107,2.9444389791664403,3.8918202981106265,3.1354942159291497,2.833213344056216,3.1354942159291497,0.6931471805599453,0.6931471805599453,4.382026634673881,2.3978952727983707,3.1354942159291497,5.003946305945459,3.2188758248682006,3.8918202981106265,3.4657359027997265,2.4849066497880004,4.248495242049359,3.332204510175204,4.48863636973214,2.4849066497880004,0.0,4.204692619390966,4.7535901911063645,2.8903717578961645,4.04305126783455,4.430816798843313
8.253227645581772,9.868481943337313,5.730099782973575,4.867534450455582,6.1070228877422545,6.6039438246004725,5.666426688112432,5.814130531825066,6.5638555265321274,7.6586995582682995,6.761572768804055,8.141481041457421,7.61972421378267,5.921578419643816,6.304448802421981,5.746203190540153,4.787491742782046,5.799092654460526,5.717027701406222,4.304065093204169,6.520621127558696,4.74493212836325,6.8966943316227125,5.697093486505405,7.116394144093465,7.310550158534422,4.844187086458591,5.455321115357702,7.253470382684528,7.639161171659173,7.098375638590786,7.6511201757027,7.280697195384741,6.12029741895095,7.171656822768514,5.680172609017068,6.859614903654202,5.902633333401366,6.767343125265392,5.726847747587197,0.0,6.450470422144176,5.043425116919247,4.04305126783455,4.219507705176107,6.568077911411976,4.882801922586371,6.075346031088684,6.717804695023691,5.631211781821365,6.386879319362645,6.163314804034641,8.100161446936607,6.495265555937008,8.098338846189057,7.517520850603031,6.302618975744905,6.0844994130751715,5.1647859739235145,5.648974238161206,5.996452088619021,5.981414211254481,4.31748811353631,6.680854678790215,4.912654885736052,7.0192966537150445,5.0689042022202315,7.045776576879511,7.024649030453636,4.532599493153256,5.389071729816501,7.07326971745971,7.048386408721883,7.585788821732034,7.67786350067821,7.4999765409521215,6.1675164908883415,7.20414929203594,5.37989735354046,6.9363427358340495,5.4116460518550396,6.456769655572163,5.209486152841421,0.0,6.234410725718371,5.075173815233827,2.995732273553991,4.430816798843313,6.1070228877422545
5.030437921392435,5.730099782973575,2.639057329615259,0.6931471805599453,1.0986122886681096,1.3862943611198906,0.0,0.0,0.6931471805599453,1.3862943611198906,0.0,3.8501476017100584,5.087596335232384,1.9459101490553132,1.3862943611198906,1.0986122886681096,1.0986122886681096,3.2188758248682006,0.6931471805599453,0.0,0.0,0.0,0.0,0.0,0.0,0.0,0.0,0.0,2.302585092994046,0.0,0.0,1.9459101490553132,2.639057329615259,0.0,0.0,0.6931471805599453,0.0,0.6931471805599453,1.0986122886681096,1.791759469228055,0.0,0.6931471805599453,0.0,0.0,1.0986122886681096,0.0,0.6931471805599453,0.6931471805599453,1.6094379124341003,0.0,0.0,0.0,1.791759469228055,0.6931471805599453,3.1780538303479458,5.049856007249537,1.3862943611198906,0.0,0.0,1.0986122886681096,0.6931471805599453,1.6094379124341003,0.6931471805599453,0.0,0.0,0.0,0.0,0.0,0.0,0.0,0.0,0.0,0.0,0.0,1.6094379124341003,2.3978952727983707,0.0,0.0,0.0,0.0,1.3862943611198906,0.6931471805599453,1.0986122886681096,0.0,1.0986122886681096,1.6094379124341003,0.0,0.0,1.0986122886681096
3.295836866004329,4.867534450455582,0.6931471805599453,3.9889840465642745,1.0986122886681096,1.3862943611198906,0.0,0.0,0.0,1.3862943611198906,0.0,1.6094379124341003,0.0,0.0,0.0,1.0986122886681096,1.0986122886681096,2.0794415416798357,0.0,0.0,1.0986122886681096,0.0,0.0,1.6094379124341003,0.0,0.6931471805599453,0.0,0.0,0.0,0.0,0.6931471805599453,0.6931471805599453,1.791759469228055,0.0,1.0986122886681096,0.0,2.3978952727983707,2.772588722239781,1.6094379124341003,0.0,0.0,2.0794415416798357,0.0,0.0,0.0,0.6931471805599453,2.833213344056216,3.9889840465642745,2.4849066497880004,0.0,0.0,0.0,2.1972245773362196,0.0,1.6094379124341003,0.0,0.0,0.0,0.0,0.0,0.6931471805599453,0.0,0.0,0.0,0.0,0.0,0.0,0.0,0.0,0.0,0.0,0.0,0.0,0.0,0.0,0.0,0.0,0.0,0.0,0.0,0.0,0.0,0.0,0.0,0.0,0.0,0.0,0.0,0.0
3.8918202981106265,6.1070228877422545,1.0986122886681096,1.0986122886681096,5.752572638825633,4.442651256490317,0.0,0.0,0.0,0.0,0.0,0.6931471805599453,0.0,0.0,2.70805020110221,4.007333185232471,0.6931471805599453,0.0,0.0,0.0,0.6931471805599453,0.0,0.0,3.1354942159291497,1.0986122886681096,1.0986122886681096,0.0,0.0,0.0,0.0,0.6931471805599453,0.0,0.0,0.0,0.0,0.0,0.0,2.4849066497880004,2.8903717578961645,1.0986122886681096,0.0,1.791759469228055,0.0,0.6931471805599453,2.9444389791664403,0.0,2.302585092994046,3.4339872044851463,3.6888794541139363,0.0,0.0,0.0,1.9459101490553132,0.0,0.6931471805599453,0.0,0.0,1.0986122886681096,1.0986122886681096,0.0,0.6931471805599453,0.0,0.0,0.0,0.0,0.0,0.6931471805599453,0.0,0.0,0.0,0.0,0.0,0.0,0.0,0.0,0.6931471805599453,0.0,0.0,0.0,0.0,0.0,0.6931471805599453,0.0,0.0,0.0,0.0,0.0,2.302585092994046,0.0
3.6109179126442243,6.6039438246004725,1.3862943611198906,1.3862943611198906,4.442651256490317,6.113682179832232,3.332204510175204,0.6931471805599453,0.0,3.5553480614894135,0.0,0.0,0.0,0.0,3.5263605246161616,1.9459101490553132,0.0,0.0,0.0,0.0,1.0986122886681096,0.0,0.0,3.970291913552122,0.6931471805599453,2.833213344056216,0.0,0.0,0.0,0.0,1.3862943611198906,0.6931471805599453,0.0,0.0,0.6931471805599453,0.0,1.6094379124341003,4.143134726391533,2.8903717578961645,0.0,0.0,2.1972245773362196,0.0,1.0986122886681096,3.1354942159291497,0.6931471805599453,1.3862943611198906,2.4849066497880004,3.4011973816621555,0.0,0.0,0.0,1.6094379124341003,0.0,0.0,0.0,0.0,0.0,0.0,0.0,0.0,0.0,0.0,0.0,0.0,0.0,0.6931471805599453,0.0,0.0,0.0,0.0,0.0,0.0,0.0,0.0,0.0,0.0,0.0,0.0,0.0,0.0,1.3862943611198906,0.0,0.0,0.0,0.0,0.0,1.0986122886681096,0.0
1.6094379124341003,5.666426688112432,0.0,0.0,0.0,3.332204510175204,3.295836866004329,2.772588722239781,0.0,2.4849066497880004,0.0,0.0,0.0,0.0,1.9459101490553132,0.0,0.0,0.0,0.0,0.0,0.0,0.0,0.0,2.4849066497880004,0.0,1.9459101490553132,0.0,0.0,0.0,0.0,0.0,0.0,0.0,0.0,0.0,0.0,0.0,3.091042453358316,1.3862943611198906,0.0,0.0,2.0794415416798357,0.0,0.0,0.0,2.3978952727983707,0.0,0.0,0.0,0.0,0.0,0.0,0.0,0.0,0.0,0.0,0.0,0.0,0.0,0.0,0.0,0.0,0.0,0.0,0.0,0.0,0.0,0.0,0.0,0.0,0.0,0.0,0.0,0.0,0.0,0.0,0.0,0.0,0.0,0.0,0.0,0.0,0.0,0.0,0.0,0.0,0.0,0.0,0.0
0.6931471805599453,5.814130531825066,0.0,0.0,0.0,0.6931471805599453,2.772588722239781,4.499809670330265,2.1972245773362196,2.9444389791664403,0.0,0.6931471805599453,1.3862943611198906,0.0,2.995732273553991,0.0,0.0,0.0,0.0,0.0,0.0,0.0,0.0,3.5553480614894135,0.0,2.302585092994046,0.0,0.0,0.6931471805599453,0.6931471805599453,0.0,0.0,0.0,0.0,0.0,0.0,0.0,3.091042453358316,2.5649493574615367,0.0,0.0,3.367295829986474,0.0,0.0,0.0,2.70805020110221,0.0,0.0,0.0,0.0,0.0,0.0,0.0,0.0,0.0,0.0,0.0,0.0,0.0,0.0,0.0,0.0,0.0,0.0,0.0,0.0,0.0,0.0,0.0,0.0,0.0,0.0,0.0,0.0,0.0,0.0,0.0,0.0,0.0,0.0,0.0,0.0,0.0,0.0,0.0,0.0,0.0,0.0,0.0
2.0794415416798357,6.5638555265321274,0.6931471805599453,0.0,0.0,0.0,0.0,2.1972245773362196,4.3694478524670215,1.6094379124341003,2.302585092994046,4.890349128221754,2.995732273553991,0.0,3.044522437723423,0.0,0.0,0.0,0.0,0.0,0.0,0.0,1.0986122886681096,0.6931471805599453,0.0,3.044522437723423,1.0986122886681096,0.0,0.6931471805599453,0.0,0.0,0.0,0.0,0.0,0.0,0.0,0.0,0.0,1.0986122886681096,0.0,0.0,1.0986122886681096,0.0,0.0,0.0,0.0,0.0,0.0,0.0,0.0,0.0,0.0,0.0,0.0,1.0986122886681096,0.0,0.0,0.0,0.0,0.0,0.0,0.0,0.0,0.0,0.0,0.0,0.0,0.0,0.0,0.0,0.0,0.0,0.0,0.0,0.0,0.0,0.0,0.0,0.0,0.0,0.0,0.0,0.0,0.0,0.0,0.0,0.0,0.0,0.0
4.248495242049359,7.6586995582682995,1.3862943611198906,1.3862943611198906,0.0,3.5553480614894135,2.4849066497880004,2.9444389791664403,1.6094379124341003,6.396929655216146,4.477336814478207,4.787491742782046,3.091042453358316,0.0,0.6931471805599453,0.0,0.0,0.0,0.0,0.0,2.3978952727983707,0.0,2.0794415416798357,3.9318256327243257,1.3862943611198906,3.091042453358316,0.0,0.0,0.6931471805599453,0.0,1.791759469228055,0.6931471805599453,0.0,0.0,1.9459101490553132,0.0,1.3862943611198906,4.787491742782046,2.9444389791664403,1.791759469228055,0.0,5.056245805348308,0.0,0.0,0.0,3.4339872044851463,2.1972245773362196,0.0,0.0,0.0,0.0,0.0,2.833213344056216,0.0,3.6888794541139363,0.0,0.0,0.0,0.0,0.0,0.0,0.0,0.0,0.0,0.0,0.0,0.0,0.0,0.0,0.0,0.0,0.0,0.0,0.0,0.0,0.0,0.0,0.0,0.0,0.0,0.0,0.0,0.0,0.0,0.0,0.0,0.0,0.0,0.0
1.791759469228055,6.761572768804055,0.0,0.0,0.0,0.0,0.0,0.0,2.302585092994046,4.477336814478207,4.672828834461906,4.68213122712422,4.110873864173311,0.0,0.0,0.0,0.0,0.0,0.0,0.0,0.0,0.0,0.6931471805599453,0.0,0.0,0.0,0.0,0.0,0.0,0.0,0.0,0.0,0.0,0.0,0.0,0.0,0.0,0.0,0.0,0.0,0.0,0.0,0.0,0.0,0.0,0.0,0.0,0.0,0.0,0.0,0.0,0.0,0.0,0.6931471805599453,0.0,0.0,0.0,0.0,0.0,0.0,0.0,0.0,0.0,0.0,0.0,0.0,0.0,0.0,0.0,0.0,0.0,0.0,0.0,0.0,0.0,0.0,0.0,0.0,0.0,0.0,0.0,0.0,0.0,0.0,0.0,0.0,0.0,0.0,0.0
4.31748811353631,8.141481041457421,3.8501476017100584,1.6094379124341003,0.6931471805599453,0.0,0.0,0.6931471805599453,4.890349128221754,4.787491742782046,4.68213122712422,6.499787040655854,5.44673737166631,3.2188758248682006,3.295836866004329,2.70805020110221,2.772588722239781,3.6375861597263857,3.295836866004329,0.6931471805599453,0.0,0.6931471805599453,0.0,0.6931471805599453,0.0,2.772588722239781,0.0,0.0,1.0986122886681096,0.0,1.9459101490553132,0.6931471805599453,4.276666119016055,0.0,1.9459101490553132,0.0,1.0986122886681096,3.970291913552122,4.762173934797756,2.639057329615259,0.0,5.3230099791384085,0.6931471805599453,0.0,0.0,5.135798437050262,3.044522437723423,1.791759469228055,1.6094379124341003,0.0,0.0,0.0,4.624972813284271,0.0,7.124478262493424,4.605170185988092,4.276666119016055,0.0,0.0,1.0986122886681096,0.6931471805599453,0.0,0.0,0.0,0.0,0.0,0.0,0.0,0.0,0.0,0.0,0.0,0.0,0.0,0.0,1.3862943611198906,0.0,0.0,0.0,0.0,0.6931471805599453,0.6931471805599453,0.0,0.0,1.3862943611198906,0.0,0.0,0.0,0.0
4.927253685157205,7.61972421378267,5.087596335232384,0.0,0.0,0.0,0.0,1.3862943611198906,2.995732273553991,3.091042453358316,4.110873864173311,5.44673737166631,5.389071729816501,3.1354942159291497,2.302585092994046,0.0,0.0,0.0,0.0,0.0,0.0,0.0,1.0986122886681096,0.0,0.0,1.791759469228055,1.3862943611198906,0.0,5.030437921392435,3.7376696182833684,0.0,0.0,0.0,0.0,0.0,0.0,0.0,3.713572066704308,2.8903717578961645,3.295836866004329,0.0,4.68213122712422,0.0,0.0,0.0,4.90527477843843,0.0,0.0,0.0,0.0,0.0,0.0,0.0,1.9459101490553132,4.304065093204169,5.43372200355424,5.231108616854587,0.0,0.0,0.0,0.0,0.0,0.0,0.0,0.0,0.0,0.0,0.0,0.0,0.0,0.0,1.9459101490553132,0.0,0.0,0.0,0.0,0.0,0.0,0.0,0.0,0.0,0.0,0.0,0.0,1.6094379124341003,0.0,0.0,0.0,0.6931471805599453
2.0794415416798357,5.921578419643816,1.9459101490553132,0.0,0.0,0.0,0.0,0.0,0.0,0.0,0.0,3.2188758248682006,3.1354942159291497,4.499809670330265,0.0,0.0,0.0,1.0986122886681096,0.0,0.0,0.0,0.0,0.0,0.0,0.0,0.0,0.0,0.0,2.995732273553991,0.0,0.0,1.3862943611198906,2.3978952727983707,0.0,0.0,0.0,0.0,0.6931471805599453,0.0,0.0,0.0,0.0,0.0,0.0,0.0,0.0,0.0,0.0,0.0,0.0,0.0,0.0,0.0,0.0,1.0986122886681096,5.093750200806762,5.3612921657094255,0.0,0.0,0.0,3.091042453358316,0.6931471805599453,0.0,0.0,0.0,0.0,0.0,0.0,0.0,0.0,0.0,3.5263605246161616,0.0,0.0,0.0,3.295836866004329,0.0,0.0,0.0,0.0,0.0,0.0,0.0,0.0,0.0,0.0,0.0,0.0,0.0
2.1972245773362196,6.304448802421981,1.3862943611198906,0.0,2.70805020110221,3.5263605246161616,1.9459101490553132,2.995732273553991,3.044522437723423,0.6931471805599453,0.0,3.295836866004329,2.302585092994046,0.0,4.844187086458591,0.0,0.0,0.0,0.0,0.0,0.0,0.0,0.0,1.0986122886681096,0.0,3.367295829986474,2.8903717578961645,0.0,2.8903717578961645,2.9444389791664403,1.6094379124341003,0.0,0.0,0.0,0.0,0.0,0.0,0.0,3.8712010109078907,0.0,0.0,0.0,0.0,0.0,0.6931471805599453,0.0,0.0,0.6931471805599453,1.3862943611198906,0.0,0.0,0.0,0.0,0.0,0.0,0.0,0.0,1.0986122886681096,0.0,0.0,0.0,0.0,0.0,0.0,0.0,0.0,0.0,0.0,0.0,0.0,0.0,0.0,0.0,0.0,0.0,0.0,0.0,0.0,0.0,0.0,0.0,0.0,0.0,0.0,0.0,0.0,0.0,1.3862943611198906,0.0
3.713572066704308,5.746203190540153,1.0986122886681096,1.0986122886681096,4.007333185232471,1.9459101490553132,0.0,0.0,0.0,0.0,0.0,2.70805020110221,0.0,0.0,0.0,3.4011973816621555,2.772588722239781,1.6094379124341003,0.6931471805599453,0.0,0.0,0.0,0.0,0.0,0.0,0.0,0.0,0.0,0.0,0.0,0.0,0.0,0.6931471805599453,0.0,0.0,0.0,0.0,0.0,0.6931471805599453,0.0,0.0,0.0,0.0,0.0,3.367295829986474,0.0,0.0,1.3862943611198906,2.1972245773362196,0.0,0.0,0.0,0.0,0.0,1.3862943611198906,0.0,0.0,0.0,0.6931471805599453,0.0,0.0,0.0,0.0,0.0,0.0,0.0,0.0,0.0,0.0,0.0,0.0,0.0,0.0,0.0,0.0,0.0,0.0,0.0,0.0,0.0,0.0,0.0,0.0,0.0,0.0,0.0,0.0,0.0,0.0
1.791759469228055,4.787491742782046,1.0986122886681096,1.0986122886681096,0.6931471805599453,0.0,0.0,0.0,0.0,0.0,0.0,2.772588722239781,0.0,0.0,0.0,2.772588722239781,2.3978952727983707,3.091042453358316,0.0,0.0,0.0,0.0,0.0,0.0,0.0,0.0,0.0,0.0,0.0,0.0,0.0,0.0,2.4849066497880004,0.0,0.0,0.0,0.0,0.0,0.0,0.0,0.0,0.0,0.0,0.0,0.0,0.0,0.0,0.0,0.6931471805599453,0.0,0.0,0.0,0.0,0.0,1.6094379124341003,0.0,0.0,0.0,0.6931471805599453,2.3978952727983707,0.0,0.0,0.0,0.0,0.0,0.0,0.0,0.0,0.0,0.0,0.0,0.0,0.0,0.0,0.0,0.0,0.0,0.0,0.0,0.0,0.0,0.0,0.0,0.0,0.0,0.0,0.0,0.0,0.0
2.5649493574615367,5.799092654460526,3.2188758248682006,2.0794415416798357,0.0,0.0,0.0,0.0,0.0,0.0,0.0,3.6375861597263857,0.0,1.0986122886681096,0.0,1.6094379124341003,3.091042453358316,3.4011973816621555,2.995732273553991,0.0,0.0,0.0,0.0,0.0,0.0,0.0,0.0,0.0,0.0,0.0,0.0,0.0,3.784189633918261,0.0,0.0,0.0,0.0,0.0,0.0,0.0,0.0,0.0,0.0,0.0,0.0,0.0,0.0,0.0,0.0,0.0,0.0,0.0,0.0,0.0,0.6931471805599453,0.0,0.6931471805599453,0.0,0.0,0.0,2.70805020110221,1.0986122886681096,0.0,0.0,0.0,0.0,0.0,0.0,0.0,0.0,0.0,0.0,0.0,0.0,0.0,1.3862943611198906,0.0,0.0,0.0,0.0,0.0,0.0,0.0,0.0,0.0,0.0,0.0,0.0,0.0
2.833213344056216,5.717027701406222,0.6931471805599453,0.0,0.0,0.0,0.0,0.0,0.0,0.0,0.0,3.295836866004329,0.0,0.0,0.0,0.6931471805599453,0.0,2.995732273553991,4.02535169073515,2.0794415416798357,0.0,2.995732273553991,0.0,0.0,0.0,0.0,0.0,0.0,0.0,0.0,0.0,1.6094379124341003,4.477336814478207,0.0,0.0,0.0,0.0,0.0,0.0,0.0,0.0,0.0,0.6931471805599453,0.0,0.0,0.6931471805599453,0.0,0.0,0.0,0.0,0.0,0.0,0.0,0.0,0.6931471805599453,0.0,0.0,0.0,0.0,0.0,0.0,1.791759469228055,0.0,0.0,0.0,0.0,0.0,0.0,0.0,0.0,0.0,0.0,0.0,0.0,0.0,1.9459101490553132,0.0,0.0,0.0,0.0,0.0,0.0,0.0,0.0,0.0,0.0,0.0,0.0,0.0
2.1972245773362196,4.304065093204169,0.0,0.0,0.0,0.0,0.0,0.0,0.0,0.0,0.0,0.6931471805599453,0.0,0.0,0.0,0.0,0.0,0.0,2.0794415416798357,2.639057329615259,2.3978952727983707,3.784189633918261,0.0,0.6931471805599453,1.0986122886681096,0.0,0.0,0.0,0.0,0.0,0.0,0.0,1.0986122886681096,0.0,0.0,0.0,0.0,0.0,0.0,0.0,0.0,0.0,3.2188758248682006,2.639057329615259,0.0,0.6931471805599453,0.0,0.0,0.0,0.0,0.0,0.0,0.0,0.0,0.0,0.0,0.0,0.0,0.0,0.0,0.0,0.0,0.0,0.0,0.0,0.0,0.0,0.0,0.0,0.0,0.0,0.0,0.0,0.0,0.0,0.0,0.0,0.0,0.0,0.0,0.0,0.0,0.0,0.0,0.0,0.0,0.0,0.0,0.0
4.304065093204169,6.520621127558696,0.0,1.0986122886681096,0.6931471805599453,1.0986122886681096,0.0,0.0,0.0,2.3978952727983707,0.0,0.0,0.0,0.0,0.0,0.0,0.0,0.0,0.0,2.3978952727983707,5.4680601411351315,2.302585092994046,4.8283137373023015,3.58351893845611,3.2188758248682006,0.0,0.0,0.0,0.0,0.0,2.639057329615259,4.02535169073515,0.0,0.0,4.605170185988092,0.0,4.204692619390966,1.0986122886681096,2.0794415416798357,0.0,0.0,0.6931471805599453,2.3978952727983707,1.0986122886681096,0.0,1.0986122886681096,0.0,0.0,0.0,0.0,0.0,0.0,0.0,0.0,0.0,0.0,0.0,0.0,0.0,0.0,0.0,0.0,0.0,0.0,0.0,0.0,0.0,0.0,0.0,0.0,0.0,0.0,0.0,0.0,0.0,0.0,0.0,0.0,0.0,0.0,0.0,0.0,0.0,0.0,0.0,0.0,0.0,0.0,0.0
2.3978952727983707,4.74493212836325,0.0,0.0,0.0,0.0,0.0,0.0,0.0,0.0,0.0,0.6931471805599453,0.0,0.0,0.0,0.0,0.0,0.0,2.995732273553991,3.784189633918261,2.302585092994046,3.4339872044851463,1.0986122886681096,2.639057329615259,0.0,0.0,0.0,0.0,0.0,0.0,0.0,1.0986122886681096,2.4849066497880004,0.0,0.0,0.0,2.639057329615259,0.0,0.6931471805599453,0.0,0.0,0.0,2.8903717578961645,2.772588722239781,0.0,0.0,0.0,0.0,0.0,0.0,0.0,0.0,0.0,0.0,0.0,0.0,0.0,0.0,0.0,0.0,0.0,0.0,0.0,0.0,0.0,0.0,0.0,0.0,0.0,0.0,0.0,0.0,0.0,0.0,0.6931471805599453,0.0,0.0,0.0,0.0,0.0,0.0,0.0,0.0,0.0,0.0,0.0,0.0,0.0,0.6931471805599453
2.833213344056216,6.8966943316227125,0.0,0.0,0.0,0.0,0.0,0.0,1.0986122886681096,2.0794415416798357,0.6931471805599453,0.0,1.0986122886681096,0.0,0.0,0.0,0.0,0.0,0.0,0.0,4.8283137373023015,1.0986122886681096,6.1779441140506,2.772588722239781,4.406719247264253,3.4965075614664802,0.0,1.0986122886681096,0.0,3.258096538021482,2.70805020110221,0.0,0.0,0.0,2.772588722239781,0.0,0.6931471805599453,0.0,0.0,0.0,0.0,0.0,0.6931471805599453,0.0,0.0,1.9459101490553132,0.0,0.0,0.0,0.0,0.0,0.0,0.0,0.0,0.0,0.0,0.0,0.0,0.0,0.0,0.0,0.0,0.0,0.0,0.0,0.0,0.0,0.0,0.0,0.0,0.0,0.0,0.0,0.0,0.0,0.0,0.0,0.0,0.0,0.0,0.0,0.0,0.0,0.0,0.0,0.0,0.0,0.0,0.0
4.3694478524670215,5.697093486505405,0.0,1.6094379124341003,3.1354942159291497,3.970291913552122,2.4849066497880004,3.5553480614894135,0.6931471805599453,3.9318256327243257,0.0,0.6931471805599453,0.0,0.0,1.0986122886681096,0.0,0.0,0.0,0.0,0.6931471805599453,3.58351893845611,2.639057329615259,2.772588722239781,4.962844630259907,2.1972245773362196,2.9444389791664403,0.0,0.0,0.0,0.0,0.0,1.791759469228055,0.0,0.0,1.6094379124341003,0.0,1.791759469228055,1.6094379124341003,3.2188758248682006,2.4849066497880004,0.0,2.5649493574615367,2.8903717578961645,3.5553480614894135,1.0986122886681096,4.0943445622221,0.0,0.0,0.6931471805599453,0.0,0.0,0.0,0.0,0.0,0.0,0.0,0.0,0.0,0.0,0.0,0.0,0.0,0.0,0.0,0.0,0.0,0.0,0.0,0.0,0.0,0.0,0.0,0.0,0.0,0.0,0.0,0.0,0.0,0.0,0.0,0.0,0.0,0.0,0.0,0.0,0.0,0.0,1.6094379124341003,0.0
3.295836866004329,7.116394144093465,0.0,0.0,1.0986122886681096,0.6931471805599453,0.0,0.0,0.0,1.3862943611198906,0.0,0.0,0.0,0.0,0.0,0.0,0.0,0.0,0.0,1.0986122886681096,3.2188758248682006,0.0,4.406719247264253,2.1972245773362196,5.676753802268282,4.1588830833596715,0.0,3.828641396489095,2.70805020110221,3.5263605246161616,5.159055299214529,4.5217885770490405,1.0986122886681096,1.6094379124341003,1.6094379124341003,1.0986122886681096,2.4849066497880004,0.0,0.6931471805599453,1.0986122886681096,0.0,0.0,1.3862943611198906,1.0986122886681096,0.0,2.1972245773362196,0.0,0.0,0.0,0.0,0.0,0.0,0.6931471805599453,0.0,0.0,0.0,0.0,0.0,0.0,0.0,0.0,0.0,0.0,0.0,0.0,0.0,0.0,0.0,0.0,0.0,0.0,0.0,0.0,0.0,0.6931471805599453,0.0,0.0,0.0,0.0,0.0,0.0,0.0,0.0,0.0,0.0,0.0,0.0,0.0,0.6931471805599453
2.5649493574615367,7.310550158534422,0.0,0.6931471805599453,1.0986122886681096,2.833213344056216,1.9459101490553132,2.302585092994046,3.044522437723423,3.091042453358316,0.0,2.772588722239781,1.791759469228055,0.0,3.367295829986474,0.0,0.0,0.0,0.0,0.0,0.0,0.0,3.4965075614664802,2.9444389791664403,4.1588830833596715,5.988961416889864,3.091042453358316,2.3978952727983707,1.0986122886681096,4.356708826689592,3.258096538021482,3.1354942159291497,0.0,0.0,0.6931471805599453,0.0,0.0,0.0,2.639057329615259,0.0,0.0,0.0,0.0,0.0,0.0,0.0,0.0,0.0,0.0,0.0,0.0,0.0,0.0,0.0,0.0,0.0,0.0,0.0,0.0,0.0,0.0,0.0,0.0,0.0,0.0,0.0,0.0,0.0,0.0,0.0,0.0,0.0,0.0,0.0,0.0,0.0,0.0,0.0,0.0,0.0,0.0,0.0,0.0,0.0,0.0,0.0,0.0,0.0,0.0
0.0,4.844187086458591,0.0,0.0,0.0,0.0,0.0,0.0,1.0986122886681096,0.0,0.0,0.0,1.3862943611198906,0.0,2.8903717578961645,0.0,0.0,0.0,0.0,0.0,0.0,0.0,0.0,0.0,0.0,3.091042453358316,2.8903717578961645,0.0,0.6931471805599453,2.1972245773362196,0.0,0.0,0.0,0.0,0.0,0.0,0.0,0.0,2.639057329615259,0.0,0.0,0.0,0.0,0.0,0.0,0.0,0.0,0.0,0.0,0.0,0.0,0.0,0.0,0.0,0.0,0.0,0.0,0.0,0.0,0.0,0.0,0.0,0.0,0.0,0.0,0.0,0.0,0.0,0.0,0.0,0.0,0.0,0.0,0.0,0.0,0.0,0.0,0.0,0.0,0.0,0.0,0.0,0.0,0.0,0.0,0.0,0.0,0.0,0.0
0.0,5.455321115357702,0.0,0.0,0.0,0.0,0.0,0.0,0.0,0.0,0.0,0.0,0.0,0.0,0.0,0.0,0.0,0.0,0.0,0.0,0.0,0.0,1.0986122886681096,0.0,3.828641396489095,2.3978952727983707,0.0,3.58351893845611,0.0,2.9444389791664403,2.302585092994046,0.0,0.0,0.0,0.0,0.0,0.0,0.0,0.0,0.0,0.0,0.0,0.0,0.0,0.0,0.0,0.0,0.0,0.0,0.0,0.0,0.0,0.0,0.0,0.0,0.0,0.0,0.0,0.0,0.0,0.0,0.0,0.0,0.0,0.0,0.0,0.0,0.0,0.0,0.0,0.0,0.0,0.0,0.0,0.0,0.0,0.0,0.0,0.0,0.0,0.0,0.0,0.0,0.0,0.0,0.0,0.0,0.0,0.0
4.0943445622221,7.253470382684528,2.302585092994046,0.0,0.0,0.0,0.0,0.6931471805599453,0.6931471805599453,0.6931471805599453,0.0,1.0986122886681096,5.030437921392435,2.995732273553991,2.8903717578961645,0.0,0.0,0.0,0.0,0.0,0.0,0.0,0.0,0.0,2.70805020110221,1.0986122886681096,0.6931471805599453,0.0,5.857933154483459,5.231108616854587,1.0986122886681096,3.5263605246161616,0.6931471805599453,0.0,0.0,0.0,0.0,2.833213344056216,3.9512437185814275,4.465908118654584,0.0,4.204692619390966,0.0,0.0,0.6931471805599453,4.454347296253507,0.0,0.0,0.0,0.0,0.0,0.0,0.0,0.0,0.0,0.0,4.356708826689592,0.0,0.0,0.0,0.0,0.0,0.0,0.0,0.0,0.0,0.0,0.0,0.0,0.0,0.0,5.303304908059076,0.0,0.0,4.330733340286331,4.605170185988092,0.0,0.0,0.0,0.0,2.1972245773362196,0.0,0.0,0.0,0.6931471805599453,0.0,0.0,0.0,0.0
2.9444389791664403,7.639161171659173,0.0,0.0,0.0,0.0,0.0,0.6931471805599453,0.0,0.0,0.0,0.0,3.7376696182833684,0.0,2.9444389791664403,0.0,0.0,0.0,0.0,0.0,0.0,0.0,3.258096538021482,0.0,3.5263605246161616,4.356708826689592,2.1972245773362196,2.9444389791664403,5.231108616854587,5.958424693029782,3.784189633918261,5.356586274672012,0.0,0.0,0.0,0.0,0.0,0.0,1.0986122886681096,0.0,0.0,0.0,0.0,0.0,0.0,0.0,0.0,0.0,0.0,0.0,0.0,0.0,0.0,0.0,0.0,0.0,0.0,0.0,0.0,0.0,0.0,0.0,0.0,0.0,0.0,0.0,0.0,0.0,0.0,0.0,0.0,0.0,0.0,0.0,0.0,0.0,0.0,0.0,0.0,0.0,0.0,0.0,0.0,0.0,0.0,0.0,0.0,0.0,0.0
2.0794415416798357,7.098375638590786,0.0,0.6931471805599453,0.6931471805599453,1.3862943611198906,0.0,0.0,0.0,1.791759469228055,0.0,1.9459101490553132,0.0,0.0,1.6094379124341003,0.0,0.0,0.0,0.0,0.0,2.639057329615259,0.0,2.70805020110221,0.0,5.159055299214529,3.258096538021482,0.0,2.302585092994046,1.0986122886681096,3.784189633918261,5.214935757608986,5.902633333401366,0.6931471805599453,0.0,3.912023005428146,0.0,0.0,0.6931471805599453,2.772588722239781,1.6094379124341003,0.0,0.6931471805599453,0.0,0.0,0.0,1.0986122886681096,0.0,0.0,0.0,0.0,0.0,0.0,0.0,0.0,0.0,0.0,0.0,0.0,0.0,0.0,0.0,0.0,0.0,0.0,0.0,0.0,0.0,0.0,0.0,0.0,0.0,0.0,0.0,0.0,0.6931471805599453,0.0,0.0,0.0,0.0,0.0,0.0,0.0,0.0,0.0,0.0,0.0,0.0,0.0,0.0
4.499809670330265,7.6511201757027,1.9459101490553132,0.6931471805599453,0.0,0.6931471805599453,0.0,0.0,0.0,0.6931471805599453,0.0,0.6931471805599453,0.0,1.3862943611198906,0.0,0.0,0.0,0.0,1.6094379124341003,0.0,4.02535169073515,1.0986122886681096,0.0,1.791759469228055,4.5217885770490405,3.1354942159291497,0.0,0.0,3.5263605246161616,5.356586274672012,5.902633333401366,5.902633333401366,3.5263605246161616,3.4011973816621555,2.3978952727983707,0.0,2.0794415416798357,2.0794415416798357,3.1780538303479458,3.4657359027997265,0.0,5.493061443340548,1.791759469228055,1.791759469228055,0.0,5.111987788356544,0.0,0.0,0.0,0.0,0.0,0.0,3.2188758248682006,0.0,0.0,0.0,0.6931471805599453,0.0,0.0,0.0,0.0,0.0,1.0986122886681096,0.0,0.0,0.0,0.0,1.3862943611198906,0.0,0.0,0.0,3.1780538303479458,0.0,0.0,5.537334267018537,5.8111409929767,1.3862943611198906,1.3862943611198906,0.0,0.0,0.0,4.718498871295094,3.091042453358316,0.0,3.1354942159291497,1.0986122886681096,0.0,0.0,0.6931471805599453
3.6635616461296463,7.280697195384741,2.639057329615259,1.791759469228055,0.0,0.0,0.0,0.0,0.0,0.0,0.0,4.276666119016055,0.0,2.3978952727983707,0.0,0.6931471805599453,2.4849066497880004,3.784189633918261,4.477336814478207,1.0986122886681096,0.0,2.4849066497880004,0.0,0.0,1.0986122886681096,0.0,0.0,0.0,0.6931471805599453,0.0,0.6931471805599453,3.5263605246161616,5.802118375377063,2.639057329615259,0.0,2.302585092994046,1.0986122886681096,0.0,0.6931471805599453,1.3862943611198906,0.0,0.0,2.0794415416798357,0.6931471805599453,0.0,0.6931471805599453,0.0,0.6931471805599453,0.0,0.0,0.0,0.0,0.0,0.0,1.3862943611198906,0.0,1.9459101490553132,0.0,0.0,0.0,0.6931471805599453,2.0794415416798357,0.6931471805599453,0.0,0.0,0.0,0.0,0.0,0.0,0.0,0.0,2.4849066497880004,0.0,0.0,4.204692619390966,5.802118375377063,0.6931471805599453,0.0,0.0,0.0,0.0,0.0,1.791759469228055,0.0,3.1354942159291497,0.0,0.0,0.0,1.6094379124341003
3.1354942159291497,6.12029741895095,0.0,0.0,0.0,0.0,0.0,0.0,0.0,0.0,0.0,0.0,0.0,0.0,0.0,0.0,0.0,0.0,0.0,0.0,0.0,0.0,0.0,0.0,1.6094379124341003,0.0,0.0,0.0,0.0,0.0,0.0,3.4011973816621555,2.639057329615259,4.6913478822291435,2.302585092994046,4.59511985013459,2.833213344056216,0.0,0.0,1.0986122886681096,0.0,0.0,0.0,0.0,0.0,0.0,0.0,0.0,0.0,0.0,0.0,0.0,0.0,0.0,0.0,0.0,0.0,0.0,0.0,0.0,0.0,0.0,1.3862943611198906,0.6931471805599453,0.0,0.0,0.0,0.0,0.0,0.0,0.0,0.0,0.0,0.0,0.6931471805599453,1.0986122886681096,2.0794415416798357,0.0,1.9459101490553132,0.6931471805599453,0.0,0.0,0.6931471805599453,0.0,1.3862943611198906,1.0986122886681096,0.0,0.0,0.0
3.58351893845611,7.171656822768514,0.0,1.0986122886681096,0.0,0.6931471805599453,0.0,0.0,0.0,1.9459101490553132,0.0,1.9459101490553132,0.0,0.0,0.0,0.0,0.0,0.0,0.0,0.0,4.605170185988092,0.0,2.772588722239781,1.6094379124341003,1.6094379124341003,0.6931471805599453,0.0,0.0,0.0,0.0,3.912023005428146,2.3978952727983707,0.0,2.302585092994046,6.0844994130751715,3.8712010109078907,3.5553480614894135,0.0,3.6375861597263857,1.9459101490553132,0.0,1.6094379124341003,0.0,0.0,0.0,3.091042453358316,0.0,0.0,0.0,0.0,0.0,0.0,1.6094379124341003,0.0,0.0,0.0,0.0,0.0,0.0,0.0,0.0,0.0,0.0,0.6931471805599453,0.0,0.0,0.0,0.0,0.0,0.0,0.0,0.0,0.0,0.0,3.7376696182833684,3.295836866004329,0.0,1.791759469228055,0.0,0.0,0.0,1.3862943611198906,1.3862943611198906,0.0,0.6931471805599453,0.0,0.0,0.0,0.0
2.5649493574615367,5.680172609017068,0.6931471805599453,0.0,0.0,0.0,0.0,0.0,0.0,0.0,0.0,0.0,0.0,0.0,0.0,0.0,0.0,0.0,0.0,0.0,0.0,0.0,0.0,0.0,1.0986122886681096,0.0,0.0,0.0,0.0,0.0,0.0,0.0,2.302585092994046,4.59511985013459,3.8712010109078907,4.02535169073515,3.6375861597263857,0.0,0.0,1.0986122886681096,0.0,0.6931471805599453,0.6931471805599453,0.6931471805599453,0.0,0.6931471805599453,0.0,0.0,0.0,0.0,0.0,0.0,0.0,0.0,0.0,0.0,0.0,0.0,0.0,0.0,0.0,0.0,1.0986122886681096,0.0,0.0,0.0,0.0,0.0,0.0,0.0,0.0,0.0,0.0,0.0,2.9444389791664403,1.6094379124341003,0.0,0.0,0.0,0.0,0.0,0.0,0.0,0.0,0.0,1.0986122886681096,0.0,0.0,0.0
4.127134385045092,6.859614903654202,0.0,2.3978952727983707,0.0,1.6094379124341003,0.0,0.0,0.0,1.3862943611198906,0.0,1.0986122886681096,0.0,0.0,0.0,0.0,0.0,0.0,0.0,0.0,4.204692619390966,2.639057329615259,0.6931471805599453,1.791759469228055,2.4849066497880004,0.0,0.0,0.0,0.0,0.0,0.0,2.0794415416798357,1.0986122886681096,2.833213344056216,3.5553480614894135,3.6375861597263857,5.707110264748875,1.6094379124341003,3.8918202981106265,2.302585092994046,0.0,1.791759469228055,1.6094379124341003,1.3862943611198906,0.0,1.791759469228055,0.0,0.0,0.0,0.0,0.0,0.0,0.0,0.0,0.0,0.0,0.0,0.0,0.0,0.0,0.0,0.0,1.791759469228055,0.0,0.6931471805599453,0.0,0.0,0.0,0.0,0.0,0.0,0.0,0.0,0.0,3.4339872044851463,2.639057329615259,2.4849066497880004,1.3862943611198906,1.0986122886681096,1.791759469228055,0.0,0.0,0.0,0.0,1.6094379124341003,1.9459101490553132,1.6094379124341003,1.0986122886681096,0.0
3.367295829986474,5.902633333401366,0.6931471805599453,2.772588722239781,2.4849066497880004,4.143134726391533,3.091042453358316,3.091042453358316,0.0,4.787491742782046,0.0,3.970291913552122,3.713572066704308,0.6931471805599453,0.0,0.0,0.0,0.0,0.0,0.0,1.0986122886681096,0.0,0.0,1.6094379124341003,0.0,0.0,0.0,0.0,2.833213344056216,0.0,0.6931471805599453,2.0794415416798357,0.0,0.0,0.0,0.0,1.6094379124341003,3.6635616461296463,2.3978952727983707,1.9459101490553132,0.0,4.007333185232471,0.0,0.0,0.6931471805599453,1.6094379124341003,0.0,0.0,1.3862943611198906,0.0,0.0,0.0,0.6931471805599453,0.0,1.6094379124341003,1.0986122886681096,0.0,0.0,0.0,0.0,0.0,0.0,0.0,0.0,0.0,0.0,0.0,0.0,0.0,0.0,0.0,0.0,0.0,0.0,0.0,0.0,0.0,0.0,0.0,0.0,1.3862943611198906,1.0986122886681096,1.0986122886681096,0.0,0.0,0.0,0.0,0.0,0.0
3.367295829986474,6.767343125265392,1.0986122886681096,1.6094379124341003,2.8903717578961645,2.8903717578961645,1.3862943611198906,2.5649493574615367,1.0986122886681096,2.9444389791664403,0.0,4.762173934797756,2.8903717578961645,0.0,3.8712010109078907,0.6931471805599453,0.0,0.0,0.0,0.0,2.0794415416798357,0.6931471805599453,0.0,3.2188758248682006,0.6931471805599453,2.639057329615259,2.639057329615259,0.0,3.9512437185814275,1.0986122886681096,2.772588722239781,3.1780538303479458,0.6931471805599453,0.0,3.6375861597263857,0.0,3.8918202981106265,2.3978952727983707,4.3694478524670215,2.639057329615259,0.0,2.3978952727983707,0.0,2.4849066497880004,0.0,2.639057329615259,0.0,0.0,1.0986122886681096,0.0,0.0,0.0,1.3862943611198906,0.0,0.6931471805599453,0.0,0.0,0.0,0.0,0.0,0.0,0.0,0.0,0.0,0.0,0.0,0.0,0.0,0.0,0.0,0.0,0.0,0.0,0.0,0.6931471805599453,0.0,0.0,0.0,0.0,0.0,0.0,0.6931471805599453,0.0,0.0,0.0,0.0,0.0,1.0986122886681096,0.0
3.367295829986474,5.726847747587197,1.791759469228055,0.0,1.0986122886681096,0.0,0.0,0.0,0.0,1.791759469228055,0.0,2.639057329615259,3.295836866004329,0.0,0.0,0.0,0.0,0.0,0.0,0.0,0.0,0.0,0.0,2.4849066497880004,1.0986122886681096,0.0,0.0,0.0,4.465908118654584,0.0,1.6094379124341003,3.4657359027997265,1.3862943611198906,1.0986122886681096,1.9459101490553132,1.0986122886681096,2.302585092994046,1.9459101490553132,2.639057329615259,2.8903717578961645,0.0,2.772588722239781,0.0,1.0986122886681096,1.6094379124341003,4.110873864173311,0.0,0.0,1.6094379124341003,0.0,0.0,0.0,0.6931471805599453,0.0,0.0,0.0,0.0,0.0,0.0,0.0,0.0,0.0,0.0,0.0,0.0,1.0986122886681096,0.6931471805599453,0.6931471805599453,0.0,0.0,0.0,0.0,0.0,0.0,0.0,0.0,0.0,0.6931471805599453,0.0,0.0,1.3862943611198906,1.9459101490553132,2.70805020110221,0.0,0.0,0.0,0.0,0.0,1.3862943611198906
0.0,0.0,0.0,0.0,0.0,0.0,0.0,0.0,0.0,0.0,0.0,0.0,0.0,0.0,0.0,0.0,0.0,0.0,0.0,0.0,0.0,0.0,0.0,0.0,0.0,0.0,0.0,0.0,0.0,0.0,0.0,0.0,0.0,0.0,0.0,0.0,0.0,0.0,0.0,0.0,0.0,0.0,0.0,0.0,0.0,0.0,0.0,0.0,0.0,0.0,0.0,0.0,0.0,0.0,0.0,0.0,0.0,0.0,0.0,0.0,0.0,0.0,0.0,0.0,0.0,0.0,0.0,0.0,0.0,0.0,0.0,0.0,0.0,0.0,0.0,0.0,0.0,0.0,0.0,0.0,0.0,0.0,0.0,0.0,0.0,0.0,0.0,0.0,0.0
4.418840607796598,6.450470422144176,0.6931471805599453,2.0794415416798357,1.791759469228055,2.1972245773362196,2.0794415416798357,3.367295829986474,1.0986122886681096,5.056245805348308,0.0,5.3230099791384085,4.68213122712422,0.0,0.0,0.0,0.0,0.0,0.0,0.0,0.6931471805599453,0.0,0.0,2.5649493574615367,0.0,0.0,0.0,0.0,4.204692619390966,0.0,0.6931471805599453,5.493061443340548,0.0,0.0,1.6094379124341003,0.6931471805599453,1.791759469228055,4.007333185232471,2.3978952727983707,2.772588722239781,0.0,4.418840607796598,3.1354942159291497,0.6931471805599453,1.0986122886681096,2.833213344056216,0.0,0.0,0.0,0.0,0.0,0.0,0.0,0.0,1.3862943611198906,0.0,0.0,0.0,0.0,0.0,0.0,0.0,1.0986122886681096,0.0,0.0,0.6931471805599453,0.0,0.0,0.0,0.0,0.0,0.0,0.0,0.0,3.5263605246161616,2.833213344056216,0.0,0.0,0.0,0.6931471805599453,0.6931471805599453,0.6931471805599453,0.0,0.0,2.4849066497880004,2.302585092994046,0.6931471805599453,0.0,0.6931471805599453
4.48863636973214,5.043425116919247,0.0,0.0,0.0,0.0,0.0,0.0,0.0,0.0,0.0,0.6931471805599453,0.0,0.0,0.0,0.0,0.0,0.0,0.6931471805599453,3.2188758248682006,2.3978952727983707,2.8903717578961645,0.6931471805599453,2.8903717578961645,1.3862943611198906,0.0,0.0,0.0,0.0,0.0,0.0,1.791759469228055,2.0794415416798357,0.0,0.0,0.6931471805599453,1.6094379124341003,0.0,0.0,0.0,0.0,3.1354942159291497,4.143134726391533,3.1780538303479458,0.0,1.6094379124341003,0.0,0.0,0.0,0.0,0.0,0.0,0.0,0.0,0.0,0.0,0.0,0.0,0.0,0.0,0.0,0.0,1.3862943611198906,0.0,0.0,0.0,0.0,0.0,0.0,0.0,0.0,0.0,0.0,0.0,0.6931471805599453,0.0,0.0,0.0,0.0,0.6931471805599453,0.0,0.0,0.0,0.0,1.0986122886681096,2.1972245773362196,0.0,0.0,0.0
3.258096538021482,4.04305126783455,0.0,0.0,0.6931471805599453,1.0986122886681096,0.0,0.0,0.0,0.0,0.0,0.0,0.0,0.0,0.0,0.0,0.0,0.0,0.0,2.639057329615259,1.0986122886681096,2.772588722239781,0.0,3.5553480614894135,1.0986122886681096,0.0,0.0,0.0,0.0,0.0,0.0,1.791759469228055,0.6931471805599453,0.0,0.0,0.6931471805599453,1.3862943611198906,0.0,2.4849066497880004,1.0986122886681096,0.0,0.6931471805599453,3.1780538303479458,1.6094379124341003,0.0,2.772588722239781,0.0,0.0,0.0,0.0,0.0,0.0,0.0,0.0,0.0,0.0,0.0,0.0,0.0,0.0,0.0,0.0,0.0,0.0,0.0,0.0,0.0,0.0,0.0,0.0,0.0,0.0,0.0,0.0,0.0,0.0,0.0,0.0,0.0,0.0,0.0,0.0,0.0,0.0,0.0,0.0,0.0,0.0,0.0
2.9444389791664403,4.219507705176107,1.0986122886681096,0.0,2.9444389791664403,3.1354942159291497,0.0,0.0,0.0,0.0,0.0,0.0,0.0,0.0,0.6931471805599453,3.367295829986474,0.0,0.0,0.0,0.0,0.0,0.0,0.0,1.0986122886681096,0.0,0.0,0.0,0.0,0.6931471805599453,0.0,0.0,0.0,0.0,0.0,0.0,0.0,0.0,0.6931471805599453,0.0,1.6094379124341003,0.0,1.0986122886681096,0.0,0.0,2.0794415416798357,0.6931471805599453,0.0,0.0,0.6931471805599453,0.0,0.0,0.0,0.0,0.0,0.0,0.0,0.0,0.0,1.6094379124341003,0.0,0.0,0.0,0.0,0.0,0.0,0.6931471805599453,0.0,0.0,0.0,0.0,0.0,0.0,0.0,0.0,0.0,0.0,0.0,0.0,0.0,0.0,0.0,0.6931471805599453,0.6931471805599453,0.0,0.0,0.0,0.0,1.0986122886681096,0.0
4.48863636973214,6.568077911411976,0.0,0.6931471805599453,0.0,0.6931471805599453,2.3978952727983707,2.70805020110221,0.0,3.4339872044851463,0.0,5.135798437050262,4.90527477843843,0.0,0.0,0.0,0.0,0.0,0.6931471805599453,0.6931471805599453,1.0986122886681096,0.0,1.9459101490553132,4.0943445622221,2.1972245773362196,0.0,0.0,0.0,4.454347296253507,0.0,1.0986122886681096,5.111987788356544,0.6931471805599453,0.0,3.091042453358316,0.6931471805599453,1.791759469228055,1.6094379124341003,2.639057329615259,4.110873864173311,0.0,2.833213344056216,1.6094379124341003,2.772588722239781,0.6931471805599453,4.543294782270004,0.0,0.0,0.0,0.0,0.0,0.0,0.0,0.0,0.6931471805599453,0.0,0.0,0.0,0.0,0.0,0.0,0.6931471805599453,0.0,0.0,0.0,0.0,0.0,0.0,0.0,0.0,0.0,0.0,0.0,0.0,0.0,2.8903717578961645,0.0,0.0,0.0,0.0,0.0,0.6931471805599453,0.6931471805599453,0.0,0.6931471805599453,0.0,0.0,0.0,1.0986122886681096
1.6094379124341003,4.882801922586371,0.6931471805599453,2.833213344056216,2.302585092994046,1.3862943611198906,0.0,0.0,0.0,2.1972245773362196,0.0,3.044522437723423,0.0,0.0,0.0,0.0,0.0,0.0,0.0,0.0,0.0,0.0,0.0,0.0,0.0,0.0,0.0,0.0,0.0,0.0,0.0,0.0,0.0,0.0,0.0,0.0,0.0,0.0,0.0,0.0,0.0,0.0,0.0,0.0,0.0,0.0,3.6635616461296463,3.1780538303479458,0.0,0.0,0.0,0.0,2.1972245773362196,0.0,0.6931471805599453,0.0,0.0,0.0,0.0,0.0,0.0,0.0,0.0,0.0,0.0,0.0,0.0,0.0,0.0,0.0,0.0,0.0,0.0,0.0,0.0,0.0,0.0,0.0,0.0,0.0,0.0,0.0,0.0,0.0,0.0,0.0,0.0,0.0,0.0
4.189654742026425,6.075346031088684,0.6931471805599453,3.9889840465642745,3.4339872044851463,2.4849066497880004,0.0,0.0,0.0,0.0,0.0,1.791759469228055,0.0,0.0,0.6931471805599453,1.3862943611198906,0.0,0.0,0.0,0.0,0.0,0.0,0.0,0.0,0.0,0.0,0.0,0.0,0.0,0.0,0.0,0.0,0.6931471805599453,0.0,0.0,0.0,0.0,0.0,0.0,0.0,0.0,0.0,0.0,0.0,0.0,0.0,3.1780538303479458,5.3612921657094255,4.143134726391533,0.0,0.0,0.0,0.6931471805599453,0.0,2.0794415416798357,0.0,0.0,1.6094379124341003,2.772588722239781,0.0,0.0,0.0,0.0,0.0,0.0,0.0,0.6931471805599453,0.0,0.6931471805599453,0.0,0.0,0.0,0.0,0.0,0.0,0.0,0.0,0.0,0.0,0.0,0.0,0.0,0.0,0.0,0.0,0.0,0.0,2.3978952727983707,0.0
4.127134385045092,6.717804695023691,1.6094379124341003,2.4849066497880004,3.6888794541139363,3.4011973816621555,0.0,0.0,0.0,0.0,0.0,1.6094379124341003,0.0,0.0,1.3862943611198906,2.1972245773362196,0.6931471805599453,0.0,0.0,0.0,0.0,0.0,0.0,0.6931471805599453,0.0,0.0,0.0,0.0,0.0,0.0,0.0,0.0,0.0,0.0,0.0,0.0,0.0,1.3862943611198906,1.0986122886681096,1.6094379124341003,0.0,0.0,0.0,0.0,0.6931471805599453,0.0,0.0,4.143134726391533,5.924255797414532,2.772588722239781,1.0986122886681096,0.0,3.2188758248682006,0.0,1.0986122886681096,0.0,0.0,3.1354942159291497,1.6094379124341003,0.0,0.0,0.0,0.0,0.0,0.0,0.0,2.833213344056216,1.6094379124341003,2.302585092994046,0.0,0.0,0.0,0.0,0.0,0.6931471805599453,0.0,0.0,0.0,0.0,0.6931471805599453,3.044522437723423,2.772588722239781,0.0,0.0,1.0986122886681096,0.0,0.0,2.995732273553991,0.0
1.3862943611198906,5.631211781821365,0.0,0.0,0.0,0.0,0.0,0.0,0.0,0.0,0.0,0.0,0.0,0.0,0.0,0.0,0.0,0.0,0.0,0.0,0.0,0.0,0.0,0.0,0.0,0.0,0.0,0.0,0.0,0.0,0.0,0.0,0.0,0.0,0.0,0.0,0.0,0.0,0.0,0.0,0.0,0.0,0.0,0.0,0.0,0.0,0.0,0.0,2.772588722239781,3.4011973816621555,1.791759469228055,0.0,2.1972245773362196,0.0,0.0,0.0,0.0,1.0986122886681096,0.0,0.0,0.0,0.0,0.0,0.0,0.0,0.0,1.3862943611198906,0.0,2.0794415416798357,0.0,0.0,0.0,0.0,0.0,0.0,0.0,0.0,0.0,0.6931471805599453,1.0986122886681096,0.0,0.0,0.0,0.0,0.0,0.0,0.0,0.0,0.0
0.6931471805599453,6.386879319362645,0.0,0.0,0.0,0.0,0.0,0.0,0.0,0.0,0.0,0.0,0.0,0.0,0.0,0.0,0.0,0.0,0.0,0.0,0.0,0.0,0.0,0.0,0.0,0.0,0.0,0.0,0.0,0.0,0.0,0.0,0.0,0.0,0.0,0.0,0.0,0.0,0.0,0.0,0.0,0.0,0.0,0.0,0.0,0.0,0.0,0.0,1.0986122886681096,1.791759469228055,4.174387269895637,2.1972245773362196,3.6109179126442243,0.0,2.0794415416798357,0.0,0.0,2.3978952727983707,0.0,0.0,0.0,0.0,0.0,0.0,0.0,0.0,0.0,1.791759469228055,2.0794415416798357,0.0,0.0,0.0,0.0,0.0,1.6094379124341003,0.0,0.0,0.0,0.0,0.6931471805599453,0.0,0.6931471805599453,0.0,0.0,0.0,0.0,0.0,0.0,0.0
2.0794415416798357,6.163314804034641,0.0,0.0,0.0,0.0,0.0,0.0,0.0,0.0,0.0,0.0,0.0,0.0,0.0,0.0,0.0,0.0,0.0,0.0,0.0,0.0,0.0,0.0,0.0,0.0,0.0,0.0,0.0,0.0,0.0,0.0,0.0,0.0,0.0,0.0,0.0,0.0,0.0,0.0,0.0,0.0,0.0,0.0,0.0,0.0,0.0,0.0,0.0,0.0,2.1972245773362196,3.4011973816621555,3.1354942159291497,2.1972245773362196,4.564348191467836,1.6094379124341003,0.0,1.6094379124341003,0.0,0.0,0.0,0.0,0.0,0.0,0.0,1.0986122886681096,0.0,1.6094379124341003,1.0986122886681096,0.0,0.0,1.6094379124341003,0.0,0.0,0.0,0.0,0.0,0.0,0.0,0.0,0.0,0.0,0.0,0.0,0.0,0.0,0.0,0.0,0.0
4.795790545596741,8.100161446936607,1.791759469228055,2.1972245773362196,1.9459101490553132,1.6094379124341003,0.0,0.0,0.0,2.833213344056216,0.0,4.624972813284271,0.0,0.0,0.0,0.0,0.0,0.0,0.0,0.0,0.0,0.0,0.0,0.0,0.6931471805599453,0.0,0.0,0.0,0.0,0.0,0.0,3.2188758248682006,0.0,0.0,1.6094379124341003,0.0,0.0,0.6931471805599453,1.3862943611198906,0.6931471805599453,0.0,0.0,0.0,0.0,0.0,0.0,2.1972245773362196,0.6931471805599453,3.2188758248682006,2.1972245773362196,3.6109179126442243,3.1354942159291497,6.721425700790643,4.1588830833596715,4.356708826689592,4.51085950651685,0.6931471805599453,2.639057329615259,0.0,0.0,0.0,0.0,0.0,1.0986122886681096,0.6931471805599453,3.4011973816621555,3.5553480614894135,3.4657359027997265,4.770684624465665,0.0,0.6931471805599453,2.4849066497880004,1.3862943611198906,1.791759469228055,2.302585092994046,1.9459101490553132,2.4849066497880004,3.5553480614894135,2.995732273553991,4.941642422609304,4.6913478822291435,4.304065093204169,3.1780538303479458,0.0,5.0238805208462765,0.0,0.0,0.0,3.7612001156935624
2.302585092994046,6.495265555937008,0.6931471805599453,0.0,0.0,0.0,0.0,0.0,0.0,0.0,0.6931471805599453,0.0,1.9459101490553132,0.0,0.0,0.0,0.0,0.0,0.0,0.0,0.0,0.0,0.0,0.0,0.0,0.0,0.0,0.0,0.0,0.0,0.0,0.0,0.0,0.0,0.0,0.0,0.0,0.0,0.0,0.0,0.0,0.0,0.0,0.0,0.0,0.0,0.0,0.0,0.0,0.0,0.0,2.1972245773362196,4.1588830833596715,3.784189633918261,5.062595033026967,3.7376696182833684,0.0,0.0,0.0,0.0,0.0,0.0,0.0,0.0,0.0,0.0,0.0,0.0,0.0,0.0,0.0,0.0,0.0,0.0,0.0,0.0,0.0,0.0,0.0,0.0,0.0,0.0,0.0,0.0,0.0,0.0,0.0,0.0,0.0
